         1          12           7           5           0  
         2          12          10           6           4  
         3           8           7           4           3  
         4          12           6           6           0  
         5          12           6           6           0  
         6          12           9           7           4  
         7           8           6           5           3  
         8          12           7           9           4  
         9           8           5           6           3  
        10          12           5           7           0  
        11          12           6          10           4  
        12           8           4           7           3  
        13          12           8           7           3  
        14           8           6           5           3  
        15           8           6           4           2  
        16          12           7           8           3  
        17           8           5           6           3  
        18           8           4           6           2  
